image_width: 640
image_height: 480
camera_name: narrow_stereo
camera_matrix:
  rows: 3
  cols: 3
  data: [402.860630, 0.000000, 350.628016, 0.000000, 403.220300, 269.746108, 0.000000, 0.000000, 1.000000]
distortion_model: plumb_bob
distortion_coefficients:
  rows: 1
  cols: 5
  data: [-0.276945, 0.095681, 0.000000, 0.000000, -0.013371]
rectification_matrix:
  rows: 3
  cols: 3
  data: [1.000000, 0.000000, 0.000000, 0.000000, 1.000000, 0.000000, 0.000000, 0.000000, 1.000000]
projection_matrix:
  rows: 3
  cols: 4
  data: [323.792358, 0.000000, 363.187868, 0.000000, 0.000000, 357.040344, 276.369440, 0.000000, 0.000000, 0.000000, 1.000000, 0.000000]
