image_width: 640
image_height: 480
camera_name: mono
camera_matrix:
  rows: 3
  cols: 3
  data: [809.135074, 0.000000, 335.684471, 0.000000, 809.410030, 257.352121, 0.000000, 0.000000, 1.000000]
distortion_model: plumb_bob
distortion_coefficients:
  rows: 1
  cols: 5
  data: [-0.416913, 0.264210, -0.000221, -0.000326, 0.000000]
rectification_matrix:
  rows: 3
  cols: 3
  data: [1.000000, 0.000000, 0.000000, 0.000000, 1.000000, 0.000000, 0.000000, 0.000000, 1.000000]
projection_matrix:
  rows: 3
  cols: 4
  data: [753.818405, 0.000000, 337.203047, 0.000000, 0.000000, 777.118492, 258.102663, 0.000000, 0.000000, 0.000000, 1.000000, 0.000000]
