image_width: 640
image_height: 480
camera_name: narrow_stereo
camera_matrix:
  rows: 3
  cols: 3
  data: [942.816482, 0.000000, 334.175643, 0.000000, 897.287666, 309.904004, 0.000000, 0.000000, 1.000000]
distortion_model: plumb_bob
distortion_coefficients:
  rows: 1
  cols: 5
  data: [0.159958, -0.578834, 0.000000, 0.000000, 0.000000]
rectification_matrix:
  rows: 3
  cols: 3
  data: [1.000000, 0.000000, 0.000000, 0.000000, 1.000000, 0.000000, 0.000000, 0.000000, 1.000000]
projection_matrix:
  rows: 3
  cols: 4
  data: [953.235413, 0.000000, 334.175675, 0.000000, 0.000000, 907.202332, 309.904238, 0.000000, 0.000000, 0.000000, 1.000000, 0.000000]
