width: 752
height: 480
camera_name: narrow_stereo
camera_matrix:
  rows: 3
  cols: 3
  data: [ 458.654, 0.000000,  367.215,
         0.000000,  457.296,  248.375,
         0.000000, 0.000000, 1.000000]
distortion_model: plumb_bob
distortion_coefficients:
  rows: 1
  cols: 5
  data: [-0.28340811, 0.07395907, 0.00019359, 0.0, 0.000000]
rectification_matrix:
  rows: 3
  cols: 3
  data: [1.000000, 0.000000, 0.000000,
         0.000000, 1.000000, 0.000000,
         0.000000, 0.000000, 1.000000]
projection_matrix:
  rows: 3
  cols: 4
  data: [ 458.654, 0.000000,  367.215, 0.000000,
         0.000000,  457.296,  248.375, 0.000000,
         0.000000, 0.000000, 1.000000, 0.000000]
