image_width: 640
image_height: 480
#camera_name: narrow_stereo
camera_name: camera
camera_matrix:
  rows: 3
  cols: 3
  data: [711.687376, 0.000000, 323.306816, 0.000000, 710.933260, 232.005822, 0.000000, 0.000000, 1.000000]
distortion_model: plumb_bob
distortion_coefficients:
  rows: 1
  cols: 5
  data: [0.067204, -0.141639, 0, 0, 0]
#  data: [0.067204, -0.141639, 0.004462, -0.000636, 0.000000]
rectification_matrix:
  rows: 3
  cols: 3
  data: [1.000000, 0.000000, 0.000000, 0.000000, 1.000000, 0.000000, 0.000000, 0.000000, 1.000000]
projection_matrix:
  rows: 3
  cols: 4
  data: [718.941772, 0.000000, 323.016804, 0.000000, 0.000000, 717.174622, 233.475721, 0.000000, 0.000000, 0.000000, 1.000000, 0.000000]
